Q_detected = 0.20570425188897173
numOfComms_detected = 12
largestRelCommSize_detected = 0.142
AMI_detected = 0.1757558008935216
ARI_detected = 0.05771511266391814
NMI_detected = 0.3109242018925842
