Q_detected = 0.6671795505312528
numOfComms_detected = 37
largestRelCommSize_detected = 0.047
AMI_detected = 0.9001436785826155
ARI_detected = 0.8811472622023356
NMI_detected = 0.9609053449949747
