Q_detected = 0.12563599375845605
numOfComms_detected = 678
largestRelCommSize_detected = 0.015
AMI_detected = 0.2505014983544891
ARI_detected = 0.23851166406010843
NMI_detected = 0.7943386517595193
number of done embeddings = 1