Q_detected = 0.6520399199735912
numOfComms_detected = 66
largestRelCommSize_detected = 0.045
AMI_detected = 0.9744542942007729
ARI_detected = 0.9730261613138369
NMI_detected = 0.9905587723024695
number of done embeddings = 8
number of embedding dimensions = 52