Q_detected = 0.568216971507988
numOfComms_detected = 50
largestRelCommSize_detected = 0.047
AMI_detected = 0.9765014471924566
ARI_detected = 0.96476298235638
NMI_detected = 0.9914718090262157
