Q_detected = 0.5670225840426697
numOfComms_detected = 31
largestRelCommSize_detected = 0.072
AMI_detected = 0.8423836330758719
ARI_detected = 0.7742219119323605
NMI_detected = 0.9350325755890422
