Q_detected = 0.2608597596194817
numOfComms_detected = 15
largestRelCommSize_detected = 0.154
AMI_detected = 0.4783998274109001
ARI_detected = 0.23836021709535285
NMI_detected = 0.6551243124351447
