Q_detected = 0.8615433444049589
numOfComms_detected = 53
largestRelCommSize_detected = 0.047
AMI_detected = 0.9999999999999997
ARI_detected = 1.0
NMI_detected = 1.0
number of done embeddings = 5