Q_detected = 0.0962806983362539
numOfComms_detected = 263
largestRelCommSize_detected = 0.053
AMI_detected = 0.024727183513774106
ARI_detected = 0.00427439801455294
NMI_detected = 0.3272944797822451
number of done embeddings = 15
