Q_detected = 0.17018001911536146
numOfComms_detected = 3
largestRelCommSize_detected = 0.346
AMI_detected = 0.004359521510623074
ARI_detected = 0.003275216154569807
NMI_detected = 0.011993909358090275
number of done embeddings = 7
