Q_detected = 0.428803472574356
numOfComms_detected = 10
largestRelCommSize_detected = 0.102
AMI_detected = 0.9807867352150853
ARI_detected = 0.9822520098844042
NMI_detected = 0.9811428452175712
