Q_detected = 0.42623952891002803
numOfComms_detected = 10
largestRelCommSize_detected = 0.103
AMI_detected = 0.9611863410589713
ARI_detected = 0.9626499422256253
NMI_detected = 0.9619389462225837
