Q_detected = 0.7637530162059913
numOfComms_detected = 37
largestRelCommSize_detected = 0.047
AMI_detected = 0.8985313490816981
ARI_detected = 0.8782759262294622
NMI_detected = 0.9602188687513952
