Q_detected = 0.346988645755462
numOfComms_detected = 10
largestRelCommSize_detected = 0.103
AMI_detected = 0.9451771331458786
ARI_detected = 0.9495643746566813
NMI_detected = 0.9461979001425471
