Q_detected = 0.3374742307447166
numOfComms_detected = 17
largestRelCommSize_detected = 0.102
AMI_detected = 0.8642553749650771
ARI_detected = 0.8821416310993053
NMI_detected = 0.8749102470630682
number of done embeddings = 7
