Q_detected = 0.8621175818555018
numOfComms_detected = 41
largestRelCommSize_detected = 0.047
AMI_detected = 0.9296788435062437
ARI_detected = 0.9239143308202566
NMI_detected = 0.9732290658387502
