Q_detected = 0.4022022591009909
numOfComms_detected = 8
largestRelCommSize_detected = 0.31
AMI_detected = 0.8189065440804457
ARI_detected = 0.6971644962872072
NMI_detected = 0.889945302555659
