Q_detected = 0.6886923864835651
numOfComms_detected = 95
largestRelCommSize_detected = 0.041
AMI_detected = 0.9220962945459956
ARI_detected = 0.9125664805074686
NMI_detected = 0.9729983171515725
number of done embeddings = 12
number of embedding dimensions = 52