Q_detected = 0.10168861019747406
numOfComms_detected = 596
largestRelCommSize_detected = 0.039
AMI_detected = 0.2679657644006369
ARI_detected = 0.22165065621890467
NMI_detected = 0.7724799108317726
number of done embeddings = 1