Q_detected = 0.3388029808513947
numOfComms_detected = 119
largestRelCommSize_detected = 0.048
AMI_detected = 0.8926154267569922
ARI_detected = 0.9028210745562719
NMI_detected = 0.9620014626457518
number of done embeddings = 10
number of embedding dimensions = 52