Q_detected = 0.3380942573895425
numOfComms_detected = 29
largestRelCommSize_detected = 0.105
AMI_detected = 0.8702917176742933
ARI_detected = 0.8959847307689978
NMI_detected = 0.8947604763275947
number of done embeddings = 8
