Q_detected = 0.7618266741772355
numOfComms_detected = 54
largestRelCommSize_detected = 0.047
AMI_detected = 0.9982753975552121
ARI_detected = 0.9981647073680148
NMI_detected = 0.9993873464876877
number of done embeddings = 6