Q_detected = 0.20534298740878007
numOfComms_detected = 10
largestRelCommSize_detected = 0.212
AMI_detected = 0.006624135596928049
ARI_detected = 0.0019506842634642871
NMI_detected = 0.026149548799633562
