Q_detected = 0.5634282519327125
numOfComms_detected = 49
largestRelCommSize_detected = 0.073
AMI_detected = 0.9483577422336172
ARI_detected = 0.8863373307753442
NMI_detected = 0.9785536576299017
number of done embeddings = 8