Q_detected = 0.27868702208544405
numOfComms_detected = 17
largestRelCommSize_detected = 0.117
AMI_detected = 0.6264241398092992
ARI_detected = 0.42537226007097817
NMI_detected = 0.7945934422733391
