Q_detected = 0.76513992578339
numOfComms_detected = 8
largestRelCommSize_detected = 0.2
AMI_detected = 0.8778843946033121
ARI_detected = 0.809931506849315
NMI_detected = 0.9378635304426801
number of done embeddings = 7
