Q_detected = 0.3650956281993237
numOfComms_detected = 44
largestRelCommSize_detected = 0.107
AMI_detected = 0.8751229485908849
ARI_detected = 0.7125521249255794
NMI_detected = 0.9484229616159229
