Q_detected = 0.3769502658839771
numOfComms_detected = 24
largestRelCommSize_detected = 0.082
AMI_detected = 0.7647039223322561
ARI_detected = 0.6354580589366567
NMI_detected = 0.8961281256200729
