Q_detected = 0.5176132495997525
numOfComms_detected = 10
largestRelCommSize_detected = 0.101
AMI_detected = 0.9950378628534465
ARI_detected = 0.9955376559896196
NMI_detected = 0.9951314043781011
