Q_detected = 0.10904790621145181
numOfComms_detected = 430
largestRelCommSize_detected = 0.031
AMI_detected = 0.23291077105195182
ARI_detected = 0.09277713511983521
NMI_detected = 0.6368230789248054
number of done embeddings = 12
