Q_detected = 0.5167217526628324
numOfComms_detected = 13
largestRelCommSize_detected = 0.1
AMI_detected = 0.9926023722590275
ARI_detected = 0.9966610850972095
NMI_detected = 0.9963716695381781
number of done embeddings = 6
