Q_detected = 0.665721629793662
numOfComms_detected = 52
largestRelCommSize_detected = 0.057
AMI_detected = 0.9903939066813239
ARI_detected = 0.9794106453665815
NMI_detected = 0.9965591065121702
