Q_detected = 0.6669249266748292
numOfComms_detected = 38
largestRelCommSize_detected = 0.058
AMI_detected = 0.9020424634815112
ARI_detected = 0.8738291402921717
NMI_detected = 0.9617858511668542
