Q_detected = 0.6629141062745728
numOfComms_detected = 56
largestRelCommSize_detected = 0.047
AMI_detected = 0.9923365899784488
ARI_detected = 0.9934435654733141
NMI_detected = 0.9966256834590052
number of done embeddings = 6