Q_detected = 0.22624940290729106
numOfComms_detected = 10
largestRelCommSize_detected = 0.132
AMI_detected = 0.21821166811700154
ARI_detected = 0.16611580025974568
NMI_detected = 0.23448424185949746
