Q_detected = 0.10065675434276936
numOfComms_detected = 269
largestRelCommSize_detected = 0.026
AMI_detected = 0.11991210906855466
ARI_detected = 0.02558783957503172
NMI_detected = 0.4486341002849482
number of done embeddings = 12
