Q_detected = 0.47059395399128107
numOfComms_detected = 50
largestRelCommSize_detected = 0.048
AMI_detected = 0.9762273198375133
ARI_detected = 0.9631796922231928
NMI_detected = 0.9913713686617004
