Q_detected = 0.14333748722509343
numOfComms_detected = 2
largestRelCommSize_detected = 0.9
AMI_detected = 0.13946566456765094
ARI_detected = 0.04721030042918455
NMI_detected = 0.3757415887343431
number of done embeddings = 7
